PopID	Indiv	Cocl3-N	OtsG253b	Ssa456	Sfo23	Ssa85	MST85	Omy301	Sco19
BCH	CB601	232268	9898	208214	138217	163167	213260	131136	187187
BCH	CB602	232264	80102	210216	140140	171171	213253	131152	187187
BCH	CB603	228232	102102	208212	NA	167177	243247	108138	187187
BCH	CB604	230232	102114	210212	187204	171171	255259	136140	187187
BCH	CB605	232232	98102	208208	136204	171177	216259	108108	187187
BCH	CB606	228270	102102	210214	NA	171177	211243	108136	187187
BCH	CB607	228266	102102	210212	217217	171171	NA	108152	187187
BCH	CB608	266266	8098	212212	140140	171175	NA	133136	187187
BCH	CB609	232266	NA	NA	NA	171177	216235	136136	187187
BCH	CB610	228230	8094	202216	140140	167169	213249	108108	187187
BCH	CB611	232232	102102	208214	144148	171171	247253	108138	187187
BCH	CB612	232232	98102	202212	140144	171171	213257	108108	183187
BCH	CB613	232232	98102	NA	140187	171171	251262	133136	187187
BCH	CB614	264270	98102	208212	144217	175177	249262	108108	187187
BCH	CB615	228232	102114	208210	130187	167175	253259	136154	187187
BCH	CB616	266270	102102	210212	138187	163181	247264	138138	187187
BCH	CB617	228232	102110	214214	140140	169177	255259	108136	187187
BCH	CB618	232232	102102	208212	140187	171171	213249	131136	187187
BCH	CB619	266268	98106	212214	144217	171177	NA	108136	187187
BCH	CB620	232232	98102	208212	140206	171173	NA	136152	187187
CCH	C251	232232	102106	210214	187217	171171	247259	108108	187187
CCH	C252	230232	102102	208212	140144	169171	211216	136158	187187
CCH	C253	228232	80102	208214	144204	171171	247249	136136	187191
CCH	C254	232232	8098	214214	140208	167171	213216	136152	187187
CCH	C255	232232	80122	208212	140140	167171	251259	108136	187187
CCH	C256	232268	102106	212214	187206	177177	233241	108136	187187
CCH	C257	232266	102102	208212	140217	171171	255255	108136	187187
CCH	C258	232266	102106	212214	187187	163190	255259	108136	187187
CCH	C259	232266	9898	206214	NA	171171	241259	136136	187187
CCH	C260	273273	98102	212214	140140	171171	241264	136136	187187
CCH	C51	NA	98102	NA	140140	171171	213213	136136	187187
CCH	C52	232232	106114	208212	140217	171171	245249	131136	187187
CCH	C53	260266	102106	208212	140217	169177	213239	112136	187187
CCH	C54	215232	98102	208212	140140	163177	247251	108138	187187
CCH	C55	232266	98102	208212	138187	177177	255259	136136	187187
CCH	C56	232272	102102	204212	140211	171171	237241	136136	187187
CCH	C57	232268	102102	208208	140140	171171	257262	108138	187187
CCH	C58	266277	102106	208212	208217	171177	216259	136138	187187
CCH	C59	228266	102118	212214	140187	171177	241255	108136	187187
CCH	C60	258266	98102	208214	211217	163173	253262	136138	187187
MCH	M01	266272	102106	202212	217217	171175	259264	NA	187187
MCH	M10	215264	102102	208210	144144	171177	NA	108136	187187
MCH	M11	232266	102102	NA	136217	163171	213213	152152	187187
MCH	M12	226266	102102	212212	140209	171171	233239	131136	187187
MCH	M13	232266	102102	214214	140204	171192	NA	108136	187187
MCH	M14	232232	102106	210214	140140	171177	216216	108108	187187
MCH	M15	266273	80114	212214	140213	171171	216233	108136	187187
MCH	M16	232270	102102	212212	187187	171177	237239	112140	187187
MCH	M17	266266	102106	212214	140213	169177	213249	131136	187187
MCH	M18	232268	102110	212214	213217	173177	237239	108136	187191
MCH	M19	232266	98102	212212	217219	171177	237241	108136	187187
MCH	M02	NA	80102	212214	140206	167171	233249	108136	187187
MCH	M20	232232	102102	214214	140187	171171	NA	108136	187187
MCH	M03	232266	80102	204214	144213	163177	253255	136140	187187
MCH	M04	232232	102102	208212	140140	163181	251255	112136	187187
MCH	M05	232266	102102	212212	187217	171171	213249	133136	187187
MCH	M06	232270	102106	214214	140217	171171	243255	108131	187187
MCH	M07	215232	102102	214214	217217	171171	233249	133136	187191
MCH	M08	266266	102102	212214	140144	171171	233255	NA	187187
MCH	M09	264273	102102	208212	144187	171171	243247	133136	187187
VCH	V201	232270	102122	214214	204219	171171	233249	108136	187187
VCH	V202	264266	102102	212212	140217	163171	213247	108131	187187
VCH	V203	228232	102106	208212	140140	163171	249255	108108	187187
VCH	V204	228232	106110	208208	144211	171181	249259	108136	187187
VCH	V205	228268	102102	214214	138144	171171	243249	133136	187187
VCH	V206	228232	102110	208214	140213	163171	216259	131136	183187
VCH	V207	264266	98110	208212	140140	163171	259262	108131	187187
VCH	V208	228266	102102	210212	140187	171171	241259	131136	187187
VCH	V209	232266	98106	204208	140140	177177	216239	108108	187187
VCH	V210	232270	94102	212214	217217	169171	216264	136138	187187
VCH	V301	228268	102102	208214	144144	171171	239264	108152	187187
VCH	V302	266268	80102	208212	144217	163177	249249	136152	187187
VCH	V303	232258	102102	214214	144187	169171	259262	115136	187191
VCH	V304	228232	80102	208214	140140	171177	259259	108108	187187
VCH	V305	264266	102102	208214	144144	163177	233243	108140	187187
VCH	V306	266277	102106	214214	138140	169171	259259	108152	187191
VCH	V307	232232	98102	208214	140217	171177	253262	131136	183187
VCH	V308	215232	98102	208214	140140	171175	228255	108108	187187
VCH	V309	266270	102118	208212	140140	171177	237259	108136	187187
VCH	V310	264266	102102	204214	140144	163177	233255	108136	187187
YF	CB251	232232	102118	208214	140217	167171	251253	108108	187191
YF	CB252	232266	9898	212212	144144	171175	213251	136152	187187
YF	CB253	228232	98102	212212	NA	163163	213259	138140	187191
YF	CB254	228232	102102	212212	144187	167177	255268	136136	187187
YF	CB255	264266	102102	208214	144208	167171	253259	133136	187187
YF	CB256	232266	102118	208208	144148	171171	216249	136152	187187
YF	CB257	266270	102102	212212	140187	171171	247259	108136	187191
YF	CB258	228268	102118	208212	138144	171177	243249	136136	187191
YF	CB259	266270	110114	214214	144211	171175	247249	136136	183187
YF	CB260	232270	94102	212212	140144	171181	216233	108136	187187
YF	CB376	228258	98118	210212	140140	171175	249253	108136	187187
YF	CB377	264266	98114	214214	140208	171171	241249	108131	187187
YF	CB378	215268	102106	214214	140217	171171	251259	108136	187187
YF	CB379	228232	98106	210212	187206	163171	237245	108136	187187
YF	CB380	228232	98106	208214	NA	175181	216253	136152	187187
YF	CB381	264266	80102	204208	140144	163169	253259	136136	187187
YF	CB382	228266	94102	212212	140217	171177	239253	108136	187187
YF	CB383	215245	94102	214214	140198	171177	247259	138138	187187
YF	CB384	232266	98114	208212	140148	171177	233253	138138	187187
YF	CB385	232266	102106	210212	204213	171171	213247	138138	187187